2,22
2,21
2,20
2,19
2,18
2,17
2,16
2,15
2,14
2,13
2,12
2,11
2,10
2,9
2,7
2,6
2,5
2,2
1,5
1,4
1,2
0,511
0,503
0,501
0,494
0,493
0,492
0,490
0,489
0,488
0,486
0,484
0,482
0,481
0,480
0,479
0,478
0,477
0,476
0,447
0,446
0,445
0,444
0,443
0,442
0,436
0,435
0,431
0,429
0,426
0,424
0,421
0,420
0,418
0,417
0,412
0,411
0,410
0,409
0,408
0,406
0,405
0,404
0,403
0,402
0,399
0,398
0,396
0,395
0,393
0,392
0,390
0,389
0,388
0,387
0,376
0,375
0,370
0,363
0,355
0,353
0,351
0,350
0,348
0,342
0,338
0,334
0,322
0,319
0,314
0,312
0,309
0,306
0,243
0,313
0,301
0,352
2,4
0,374
0,367
1,1
1,3
1,0
2,1
2,8
2,3
2,0
0,9
0,310
0,305
0,362
0,359
0,326
0,455
0,308
0,332
0,304
0,315
0,303
0,302
0,307
0,369
0,12
0,428
0,10
0,454
0,8
0,0
0,465
0,300
0,320
0,299
0,341
0,298
0,386
0,297
0,371
0,296
0,383
0,295
0,471
0,294
0,458
0,293
0,368
0,292
0,467
0,291
0,366
0,290
0,382
0,289
0,510
0,288
0,483
0,287
0,340
0,286
0,364
0,285
0,502
0,284
0,456
0,283
0,464
0,282
0,381
0,281
0,380
0,280
0,470
0,279
0,500
2,23
2,24
3,0
3,1
3,3
3,4
3,6
4,1
4,2
203,0
203,1
203,3
203,5
203,6
204,0
204,1
204,3
205,0
205,2
205,4
205,5
205,7
205,8
205,10
205,12
205,13
205,15
205,16
205,18
205,19
205,21
205,23
205,24
205,26
205,27
205,29
206,0
206,1
206,3
207,0
207,2
207,3
208,0
208,2
208,3
208,5
208,6
209,0
209,2
209,3
210,0
210,1
210,3
211,1
211,2
211,4
212,0
212,2
212,3
212,5
213,0
213,1
213,3
213,4
213,6
213,8
213,9
214,0
214,1
214,3
214,4
215,1
215,3
215,4
215,6
216,0
216,2
216,4
216,5
217,0
217,1
217,3
217,4
217,6
218,1
218,2
218,4
218,5
219,0
219,2
219,3
219,5
220,0
220,2
221,0
221,1
221,3
221,4
222,0
222,1
222,3
222,5
222,6
223,1
223,2
224,0
224,2
224,3
225,1
225,2
226,0
226,1
226,3
227,1
227,2
227,4
228,0
228,2
228,4
228,5
229,1
229,2
229,4
229,5
230,0
230,2
230,3
230,5
230,6
231,1
231,3
231,4
232,0
232,1
232,3
232,4
232,6
232,8
232,9
232,11
232,12
232,14
233,1
233,2
233,4
233,5
233,7
233,9
233,10
233,12
233,13
233,15
233,16
233,18
233,20
233,21
233,23
233,24
233,26
233,28
233,29
233,31
233,32
233,34
233,35
233,37
233,39
233,40
234,1
234,2
234,4
235,1
235,2
235,4
235,5
236,1
236,2
237,0
237,2
237,3
237,5
238,0
238,2
239,0
239,1
239,3
239,4
239,6
239,8
239,9
239,11
240,0
240,2
240,3
240,5
241,1
241,2
242,0
242,1
242,3
243,1
243,2
243,4
243,5
244,1
244,2
244,4
245,0
245,1
245,3
246,0
246,2
246,4
247,0
247,2
247,3
248,0
248,1
248,3
248,5
249,0
249,2
249,3
250,0
250,2
250,3
250,5
251,0
251,2
251,3
252,0
252,2
252,3
252,5
252,6
253,0
253,2
253,3
253,5
254,0
254,2
254,4
255,0
255,2
255,3
255,5
255,6
255,8
255,10
255,11
255,13
255,14
255,16
255,18
255,19
255,21
255,22
255,24
255,25
255,27
255,29
255,30
255,32
255,33
255,35
255,37
255,38
255,40
255,41
255,43
255,44
255,46
255,48
255,49
255,51
255,52
255,54
255,56
255,57
255,59
255,60
255,62
255,64
255,65
255,67
255,68
255,70
255,71
255,73
255,75
255,76
255,78
255,79
255,81
255,83
255,84
255,86
255,87
255,89
255,90
255,92
255,94
255,95
255,97
255,98
255,100
255,102
255,103
255,105
255,106
255,108
255,109
255,111
255,113
255,114
255,116
255,117
255,119
255,121
255,122
255,124
255,125
255,127
255,129
255,130
255,132
255,192
255,194
255,195
255,197
256,1
256,2
257,0
257,1
257,3
257,5
257,6
258,0
258,1
258,3
259,0
259,2
260,0
260,1
260,3
260,4
260,6
260,8
260,9
261,1
261,2
261,4
261,5
262,0
262,2
262,3
262,5
262,6
263,1
263,3
264,0
264,2
264,3
265,0
265,1
265,3
266,1
266,2
266,4
266,5
266,7
266,9
267,0
267,2
267,3
267,5
268,1
268,2
268,4
268,5
268,7
269,0
269,2
270,0
270,1
270,3
271,0
271,2
271,4
271,5
272,1
272,2
273,0
273,1
273,3
274,1
274,2
274,4
274,5
275,1
275,3
275,4
276,1
276,2
276,4
276,5
277,0
277,2
277,3
278,1
278,2
278,4
278,6
279,0
279,2
279,3
280,1
280,3
280,4
280,6
281,0
281,2
281,3
281,5
282,0
282,1
282,3
282,4
283,0
283,2
283,3
283,5
284,0
284,2
284,3
284,5
285,0
285,1
285,3
286,0
286,2
287,0
287,1
287,3
288,0
288,2
288,3
289,1
289,3
290,0
290,2
290,3
291,1
291,3
292,0
292,2
292,3
293,1
293,2
294,0
294,2
294,3
294,5
294,6
294,8
294,10
294,11
294,13
294,14
294,16
295,1
295,2
295,4
295,5
296,0
296,1
296,3
297,1
297,2
297,4
298,0
298,2
299,0
299,1
299,3
299,4
300,0
300,1
300,3
301,1
301,2
302,0
302,1
302,3
303,1
303,2
303,4
304,0
304,2
304,3
304,5
305,0
305,1
305,3
306,0
306,2
306,4
306,5
307,0
307,1
307,3
307,5
307,6
308,1
308,2
308,4
308,5
309,1
309,3
310,0
310,2
310,3
310,5
311,1
311,2
312,0
312,1
312,3
312,4
313,0
313,2
313,3
314,0
314,1
314,3
314,5
314,6
315,0
315,1
315,3
316,0
316,2
316,4
316,5
317,1
317,2
317,4
317,6
317,7
317,9
317,10
318,1
318,2
318,4
318,6
319,0
319,2
319,3
320,0
320,2
320,3
320,5
320,6
321,1
321,3
321,4
322,1
322,2
323,0
323,1
323,3
323,5
323,6
324,1
324,2
325,0
325,2
325,3
325,5
325,6
326,1
326,2
327,0
327,2
327,3
328,1
328,2
328,4
328,6
328,7
329,1
329,2
329,4
330,0
330,2
331,0
331,1
331,3
331,4
332,0
332,2
332,3
332,5
332,6
332,8
332,10
332,11
332,13
332,14
333,0
333,1
333,3
333,5
333,6
333,8
333,9
333,11
333,13
333,14
333,16
333,17
333,19
333,20
333,22
333,24
333,25
333,27
333,28
333,30
333,32
333,33
333,35
333,36
333,38
333,39
333,41
333,43
333,44
333,46
333,47
333,49
333,51
333,52
333,54
333,55
333,57
333,59
333,60
333,62
333,64
333,66
333,67
333,69
333,71
333,72
333,74
333,75
333,77
333,79
333,80
333,82
333,83
333,85
333,86
333,88
333,90
333,91
333,93
333,94
333,96
333,98
333,99
333,101
333,102
333,104
333,105
333,107
333,109
333,110
333,112
333,113
333,115
333,117
333,118
333,120
333,121
333,123
333,124
333,126
333,128
333,129
333,131
333,132
333,134
333,136
333,137
333,139
333,140
333,142
333,144
333,145
333,147
333,148
333,150
334,0
334,2
334,4
335,0
335,2
335,3
335,5
336,0
336,1
336,3
336,4
337,1
337,2
337,4
337,6
338,0
338,2
338,3
339,0
339,2
339,3
339,5
339,6
340,1
340,2
340,4
340,6
340,7
340,9
341,0
341,2
341,4
341,5
342,0
342,1
342,3
342,5
343,0
343,2
343,3
343,5
343,6
344,1
344,3
344,4
344,6
345,0
345,2
345,4
345,5
345,7
346,0
346,2
346,3
346,5
346,7
346,8
347,0
347,1
347,3
347,5
348,0
348,2
348,3
348,5
348,6
349,1
349,3
349,4
350,0
350,1
350,3
350,5
350,6
351,0
351,1
351,3
351,4
351,6
351,8
352,0
352,2
352,3
352,5
352,7
352,8
352,10
352,11
352,13
352,15
352,16
353,0
353,1
353,3
353,4
354,0
354,2
354,3
354,5
354,6
355,1
355,3
355,4
356,1
356,2
356,4
356,5
356,7
356,9
356,10
356,12
356,13
357,1
357,3
357,4
357,6
357,7
358,1
358,2
358,4
358,6
358,7
359,0
359,1
359,3
360,0
360,1
360,3
360,4
361,1
361,3
361,4
362,0
362,1
362,3
362,4
362,6
363,0
363,1
363,3
363,4
364,0
364,2
364,3
364,5
364,6
364,8
365,0
365,2
365,4
365,5
366,1
366,2
366,4
366,6
367,0
367,2
367,3
367,5
368,0
368,2
368,4
368,5
369,1
369,2
369,4
369,6
370,0
370,2
370,3
370,5
370,6
371,0
371,2
371,3
371,5
371,6
372,1
372,3
373,0
373,2
373,3
373,5
374,0
374,1
374,3
374,4
374,6
375,0
375,2
375,4
375,5
376,0
376,1
376,3
376,5
376,6
377,1
377,2
377,4
377,5
378,0
378,2
378,3
378,5
378,6
379,1
379,3
380,0
380,2
380,3
380,5
380,6
381,1
381,3
381,4
381,6
382,0
382,2
382,4
383,0
383,2
383,3
383,5
384,0
384,1
384,3
384,4
384,6
385,0
385,2
385,4
385,5
386,0
386,1
386,3
386,5
386,6
387,1
387,2
387,4
387,5
388,0
388,2
388,3
388,5
388,6
389,1
389,3
389,4
390,1
390,2
391,0
391,1
391,3
392,1
392,2
392,4
392,5
393,1
393,3
394,0
394,2
394,3
395,0
395,2
395,3
396,0
396,1
396,3
396,4
397,0
397,2
397,3
398,0
398,1
398,3
399,0
399,1
399,3
399,4
400,1
400,2
400,4
400,6
404,0
404,2
404,3
405,0
405,2
405,3
406,0
406,1
406,3
406,4
410,1
410,3
410,4
410,6
410,7
410,5
410,2
410,0
406,2
405,4
405,1
404,4
404,1
400,5
400,3
400,0
399,2
398,4
398,2
397,4
397,1
396,5
396,2
395,4
395,1
394,4
394,1
393,2
393,0
392,3
392,0
391,2
390,3
390,0
389,2
389,0
388,4
388,1
387,6
387,3
387,0
386,4
386,2
385,6
385,3
385,1
384,5
384,2
383,6
383,4
383,1
382,3
382,1
381,5
381,2
381,0
380,4
380,1
379,2
379,0
378,4
378,1
377,6
377,3
377,0
376,4
376,2
375,6
375,3
375,1
374,5
374,2
373,6
373,4
373,1
372,2
372,0
371,4
371,1
370,7
370,4
370,1
369,5
369,3
369,0
368,3
368,1
367,4
367,1
366,5
366,3
366,0
365,3
365,1
364,7
364,4
364,1
363,5
363,2
362,7
362,5
362,2
361,5
361,2
361,0
360,2
359,4
359,2
358,8
358,5
358,3
358,0
357,5
357,2
357,0
356,11
356,8
356,6
356,3
356,0
355,2
355,0
354,4
354,1
353,5
353,2
352,17
352,14
352,12
352,9
352,6
352,4
352,1
351,7
351,5
351,2
350,7
350,4
350,2
349,5
349,2
349,0
348,4
348,1
347,4
347,2
346,9
346,6
346,4
346,1
345,6
345,3
345,1
344,5
344,2
344,0
343,4
343,1
342,4
342,2
341,6
341,3
341,1
340,8
340,5
340,3
340,0
339,4
339,1
338,4
338,1
337,5
337,3
337,0
336,2
335,6
335,4
335,1
334,3
334,1
333,149
333,146
333,143
333,141
333,138
333,135
333,133
333,130
333,127
333,125
333,122
333,119
333,116
333,114
333,111
333,108
333,106
333,103
333,100
333,97
333,95
333,92
333,89
333,87
333,84
333,81
333,78
333,76
333,73
333,70
333,68
333,65
333,61
333,58
333,56
333,53
333,50
333,48
333,45
333,42
333,40
333,37
333,34
333,31
333,29
333,26
333,23
333,21
333,18
333,15
333,12
333,10
333,7
333,4
333,2
332,15
332,12
332,9
332,7
332,4
332,1
331,5
331,2
330,3
330,1
329,3
329,0
328,5
328,3
328,0
327,1
326,3
326,0
325,4
325,1
324,3
324,0
323,4
323,2
322,3
322,0
321,2
321,0
320,4
320,1
319,4
319,1
318,5
318,3
318,0
317,8
317,5
317,3
317,0
316,3
316,1
315,2
314,7
314,4
314,2
313,4
313,1
312,5
312,2
311,3
311,0
310,4
310,1
309,2
309,0
308,3
308,0
307,4
307,2
306,6
306,3
306,1
305,2
304,6
304,4
304,1
303,3
303,0
302,2
301,3
301,0
300,2
299,5
299,2
298,3
298,1
297,3
297,0
296,2
295,6
295,3
295,0
294,15
294,12
294,9
294,7
294,4
294,1
293,3
293,0
292,1
291,2
291,0
290,1
289,2
289,0
288,1
287,2
286,3
286,1
285,2
284,6
284,4
284,1
283,4
283,1
282,5
282,2
281,6
281,4
281,1
280,5
280,2
280,0
279,1
278,5
278,3
278,0
277,1
276,6
276,3
276,0
275,2
275,0
274,3
274,0
273,2
272,3
272,0
271,3
271,1
270,2
269,3
269,1
268,6
268,3
268,0
267,4
267,1
266,8
266,6
266,3
266,0
265,2
264,4
264,1
263,2
263,0
262,4
262,1
261,6
261,3
261,0
260,7
260,5
260,2
259,3
259,1
258,2
257,7
257,4
257,2
256,3
256,0
255,196
255,193
255,131
255,128
255,126
255,123
255,120
255,118
255,115
255,112
255,110
255,107
255,104
255,101
255,99
255,96
255,93
255,91
255,88
255,85
255,82
255,80
255,77
255,74
255,72
255,69
255,66
255,63
255,61
255,58
255,55
255,53
255,50
255,47
255,45
255,42
255,39
255,36
255,34
255,31
255,28
255,26
255,23
255,20
255,17
255,15
255,12
255,9
255,7
255,4
255,1
254,3
254,1
253,4
253,1
252,7
252,4
252,1
251,4
251,1
250,4
250,1
249,4
249,1
248,4
248,2
247,4
247,1
246,3
246,1
245,2
244,5
244,3
244,0
243,3
243,0
242,2
241,3
241,0
240,4
240,1
239,10
239,7
239,5
239,2
238,3
238,1
237,4
237,1
236,3
236,0
235,3
235,0
234,3
234,0
233,38
233,36
233,33
233,30
233,27
233,25
233,22
233,19
233,17
233,14
233,11
233,8
233,6
233,3
233,0
232,13
232,10
232,7
232,5
232,2
231,5
231,2
231,0
230,4
230,1
229,6
229,3
229,0
228,3
228,1
227,3
227,0
226,2
225,3
225,0
224,1
223,3
223,0
222,4
222,2
221,5
221,2
220,3
220,1
219,4
219,1
218,6
218,3
218,0
217,5
217,2
216,6
216,3
216,1
215,5
215,2
215,0
214,2
213,10
213,7
213,5
213,2
212,6
212,4
212,1
211,3
211,0
210,2
209,4
209,1
208,7
208,4
208,1
207,4
207,1
206,2
205,30
205,28
205,25
205,22
205,20
205,17
205,14
205,11
205,9
205,6
205,3
205,1
204,2
203,7
203,4
203,2
4,3
4,0
3,5
3,2
2,25
0,278
0,339
0,277
0,509
0,276
0,463
0,275
0,274
0,354
0,273
0,337
0,272
0,335
0,271
0,270
0,499
0,269
0,415
0,268
0,336
0,267
0,379
0,266
0,333
0,265
0,344
0,264
0,378
0,263
0,416
0,262
0,261
0,331
0,260
0,414
0,259
0,469
0,258
0,330
0,257
0,407
0,256
0,491
0,255
0,254
0,461
0,253
0,377
0,252
0,413
0,251
0,250
0,460
0,249
0,453
0,248
0,468
0,247
0,451
0,246
0,329
0,245
0,244
0,349
0,242
0,327
0,241
0,400
0,240
0,472
0,239
0,450
0,238
0,496
0,237
0,427
0,236
0,365
0,235
0,234
0,449
0,233
0,497
0,232
0,508
0,231
0,507
0,230
0,475
0,229
0,425
0,228
0,474
0,227
0,441
0,226
0,328
0,225
0,506
0,224
0,423
0,223
0,459
0,222
0,373
0,221
0,440
0,220
0,439
0,219
0,457
0,218
0,318
0,217
0,397
0,216
0,473
0,215
0,317
0,214
0,321
0,213
0,487
0,212
0,462
0,211
0,394
0,210
0,372
0,209
0,422
0,208
0,452
0,207
0,438
0,206
0,391
0,205
0,324
0,204
0,361
0,203
0,384
0,202
0,316
0,201
0,360
0,200
0,498
0,199
0,437
0,198
0,347
0,197
0,196
0,323
0,195
0,311
0,194
0,434
0,193
0,358
0,192
0,433
0,63
0,346
0,62
0,357
0,61
0,432
0,60
0,356
0,59
0,58
0,345
0,57
0,401
0,56
0,419
0,55
0,485
0,54
0,505
0,53
0,430
0,52
0,504
0,51
0,466
0,50
0,343
0,49
0,48
0,495
0,47
0,46
0,448
0,45
0,385
0,6
0,5
0,1
0,325
0,11
0,4
0,2
0,3
0,7
